Exercicio1
$ 1 0.000005 10.20027730826997 50 5 50 5e-11
150 128 64 224 64 0 2 5 5
150 128 128 224 128 0 2 5 5
150 128 192 224 192 0 2 5 5
150 128 320 224 320 0 2 5 5
150 128 256 224 256 0 2 5 5
150 272 96 368 96 0 2 5 5
150 416 288 512 288 0 2 5 5
150 272 224 384 224 0 2 5 5
150 416 176 512 176 0 2 5 5
150 512 224 592 224 0 2 5 5
w 224 64 272 80 0
w 224 128 272 112 0
w 224 192 272 208 0
w 224 256 272 240 0
w 224 320 416 272 0
w 128 368 416 368 0
w 368 96 416 160 0
w 384 224 416 192 0
w 416 368 416 304 0
w 512 288 512 240 0
w 512 176 512 208 0
I 64 80 128 80 0 0.5 5
I 64 112 128 112 0 0.5 5
I 64 144 128 144 0 0.5 5
I 64 176 128 176 0 0.5 5
I 64 208 128 208 0 0.5 5
I 64 240 128 240 0 0.5 5
I 64 304 128 304 0 0.5 5
L 128 48 48 48 0 1 false 5 0
L 64 80 48 80 0 0 false 5 0
L 64 112 48 112 0 0 false 5 0
L 64 144 48 144 0 0 false 5 0
L 64 176 48 176 0 0 false 5 0
L 64 208 48 208 0 0 false 5 0
L 64 240 48 240 0 0 false 5 0
L 64 304 48 304 0 0 false 5 0
L 128 272 48 272 0 1 false 5 0
L 128 336 48 336 0 1 false 5 0
L 128 368 48 368 0 1 false 5 0
